000001 100000 
100010 100000 101110 110110 100000 100011 111100 101100 
110010 100000 111010 
011000 011010 
100000 
011010 111010 100100 110000 011000 100000 101010 
111000 100110 101110 110010 
100110 111000 
011110 101110 100011 011110 101100 
011110 100000 101000 101010 100100 
011101 101100 011000 110000 101100 
100100 110110 100000 101000 101010 100100 011010 
100100 100000 011010 011000 100100 101110 
111010 100000 011110 011110 100100 101110 110110 
101110 100100 110000 100110 111100 110110 011000 011110 011000 100110 110110 001000 
111100 100110 100110 110100 
111000 100110 101110 
110000 011000 101110 110000 100011 011000 011110 
110100 100100 011010 011000 111100 110110 
011101 011000 011110 101100 
010100 110100 
011000 110110 111010 100011 011110 011010 001101 
000001 110100 101110 100000 011101 
100000 
111100 101110 011000 110100 
111000 100110 101110 
100110 110110 100100 
011010 111110 100011 100000 101110 100100 
111000 100110 101110 
100100 100000 110000 101100 
110000 100110 101010 100011 110010 110110 
011000 110110 
011110 101100 100100 
011110 101110 100011 011110 101100 
011110 100000 101000 101010 100100 001000 
011000 110110 111010 100011 011110 
101011 100000 101010 100011 100100 011010 
100000 101110 100100 
110000 100110 100110 101110 110100 011000 110110 100000 011110 100100 011010 
111000 100110 101110 
100110 100011 011110 111010 100011 011110 
101011 100000 101010 100011 100100 001101 
000001 100000 110110 
100100 110011 111010 101110 100100 011010 011010 011000 100110 110110 
110000 100000 110110 
101000 100100 
110100 100100 101110 011000 101011 100100 110100 
111000 101110 100110 110010 
011000 110110 011010 111010 100100 110000 011110 011000 110110 111100 
011110 101100 100100 
100010 100000 101110 110110 100000 100011 111100 101100 
111100 101110 100110 100011 111010 001000 
011000 111000 
000001 101000 
011000 011010 
010100 011100 
100000 110110 110100 
100110 100011 011110 111010 100011 011110 
011000 011010 
010100 100000 
100000 110110 110100 
011110 101100 100100 
100110 100011 011110 111010 100011 011110 
011000 011010 
011100 100011 011010 011110 
010100 100000 001000 
011110 101100 100100 110110 
011110 101100 100000 011110 
110010 100100 100000 110110 011010 
011110 101100 100100 
111100 101110 100000 111010 101100 
011000 011010 
101110 100100 110100 100011 110110 110100 100000 110110 011110 
100000 110110 110100 
110000 100000 110110 
101000 100100 
100100 110011 111010 101110 100100 011010 011010 100100 110100 
011101 011000 011110 101100 
011100 100011 011010 011110 
100110 110110 100100 001101 
